28938,55840,17
28989,55808,17
29006,55838,17
28990,55821,17
29007,55851,17
28941,55848,17
28994,55866,17
28986,55830,17
28993,55829,17
28981,55857,17
28989,55838,17
28990,55851,17
28977,55866,17
29006,55819,17
28969,55830,17
28986,55860,17
28980,55874,17
28964,55857,17
28986,55811,17
28990,55881,17
28980,55825,17
29021,55812,17
29009,55840,17
28989,55819,17
28969,55860,17
29012,55848,17
28969,55811,17
29004,55812,17
28963,55825,17
28980,55855,17
28973,55856,17
29008,55857,17
29009,55870,17
28952,55860,17
28980,55806,17
28960,55847,17
29008,55808,17
29012,55878,17
29009,55821,17
28952,55811,17
29020,55865,17
28963,55855,17
29012,55829,17
28943,55847,17
28991,55808,17
29008,55838,17
28996,55866,17
28999,55873,17
28995,55829,17
29012,55859,17
28991,55838,17
28979,55866,17
29003,55845,17
28966,55857,17
28939,55837,17
28999,55854,17
28962,55866,17
28991,55819,17
28986,55845,17
29003,55875,17
28978,55809,17
28982,55854,17
28971,55811,17
28974,55818,17
28999,55835,17
28986,55875,17
29014,55877,17
28962,55847,17
28978,55839,17
29014,55828,17
28974,55848,17
28966,55868,17
28982,55835,17
29011,55850,17
28945,55847,17
28961,55814,17
29013,55845,17
29014,55858,17
28978,55820,17
28982,55865,17
29017,55866,17
29014,55809,17
29011,55880,17
28974,55829,17
29018,55854,17
29008,55823,17
28944,55814,17
28961,55844,17
29010,55818,17
29017,55817,17
28997,55858,17
28965,55865,17
29013,55826,17
28997,55809,17
28973,55852,17
29001,55854,17
29008,55853,17
28944,55844,17
28965,55816,17
29010,55848,17
28988,55845,17
29005,55875,17
28961,55825,17
28996,55826,17
28997,55839,17
28956,55852,17
28984,55854,17
28948,55816,17
29013,55807,17
28993,55848,17
28935,55831,17
28987,55862,17
28988,55875,17
28997,55869,17
28939,55852,17
28987,55813,17
28967,55854,17
28988,55826,17
29016,55828,17
28948,55846,17
28996,55807,17
28984,55835,17
28944,55855,17
28970,55813,17
28987,55843,17
28971,55826,17
29016,55858,17
29016,55809,17
28976,55829,17
28935,55842,17
29019,55816,17
28971,55856,17
28987,55824,17
28967,55865,17
28931,55827,17
29019,55846,17
29006,55861,17
28967,55816,17
29011,55810,17
28970,55824,17
29010,55882,17
28958,55852,17
29015,55806,17
29002,55846,17
29019,55876,17
28961,55859,17
28950,55816,17
29010,55833,17
28954,55861,17
29018,55814,17
29019,55827,17
29006,55842,17
28941,55852,17
28998,55806,17
29015,55836,17
28950,55846,17
28993,55833,17
29003,55864,17
29010,55863,17
28953,55853,17
29001,55814,17
29002,55827,17
29019,55857,17
28946,55855,17
28989,55842,17
29006,55872,17
29010,55814,17
28981,55806,17
28998,55836,17
28993,55863,17
28985,55827,17
28989,55872,17
28993,55814,17
29021,55816,17
28981,55836,17
29002,55808,17
28989,55823,17
28976,55863,17
28992,55831,17
28976,55814,17
28993,55844,17
29021,55846,17
28980,55859,17
28936,55834,17
28985,55808,17
29016,55873,17
28972,55823,17
28989,55853,17
28981,55817,17
29012,55882,17
28975,55831,17
28959,55814,17
28993,55874,17
29004,55846,17
29021,55876,17
28963,55859,17
28992,55812,17
28955,55823,17
28972,55853,17
29020,55814,17
29021,55827,17
28980,55840,17
29008,55842,17
28995,55882,17
28952,55845,17
28959,55844,17
29004,55876,17
28995,55833,17
29012,55863,17
28968,55813,17
28975,55812,17
28955,55853,17
29008,55872,17
29015,55821,17
28995,55863,17
28951,55813,17
28958,55812,17
29004,55857,17
28963,55870,17
28946,55840,17
28991,55872,17
28995,55814,17
29015,55851,17
28942,55849,17
28991,55823,17
29007,55815,17
28951,55843,17
28994,55830,17
28995,55844,17
28938,55834,17
28998,55851,17
29015,55881,17
28991,55853,17
28990,55815,17
28994,55860,17
28983,55817,17
28978,55843,17
28986,55824,17
28994,55811,17
28974,55852,17
28998,55881,17
29003,55805,17
29021,55861,17
28977,55811,17
28994,55841,17
28978,55824,17
29017,55870,17
28973,55820,17
28974,55833,17
28977,55841,17
28978,55854,17
28965,55869,17
29013,55830,17
29020,55829,17
28956,55820,17
28973,55850,17
28974,55863,17
29009,55864,17
29017,55851,17
29009,55815,17
28968,55828,17
28996,55830,17
29013,55860,17
29020,55859,17
28977,55822,17
28957,55863,17
28965,55850,17
29013,55811,17
29000,55851,17
29017,55881,17
28973,55831,17
28957,55814,17
29009,55845,17
28968,55858,17
28996,55860,17
28997,55873,17
28960,55822,17
28947,55837,17
28948,55850,17
29008,55868,17
29005,55805,17
28944,55859,17
28951,55858,17
28979,55860,17
29000,55832,17
28930,55837,17
28979,55811,17
28996,55841,17
28999,55848,17
28940,55844,17
28991,55868,17
28947,55818,17
28988,55805,17
28983,55832,17
29000,55862,17
28987,55877,17
29003,55869,17
28962,55811,17
28979,55841,17
28987,55828,17
28947,55848,17
28931,55831,17
28983,55862,17
28999,55829,17
29011,55814,17
28983,55813,17
28970,55828,17
29018,55867,17
28966,55862,17
29019,55880,17
28982,55829,17
29011,55844,17
29018,55818,17
28966,55813,17
28970,55858,17
28999,55810,17
28973,55865,17
28962,55822,17
28950,55850,17
29014,55803,17
28973,55816,17
29011,55874,17
28953,55857,17
29018,55848,17
28966,55843,17
29002,55831,17
29019,55861,17
28982,55810,17
29013,55875,17
29010,55812,17
29011,55825,17
29005,55839,17
28997,55803,17
28956,55816,17
29001,55848,17
29018,55878,17
28985,55831,17
29002,55861,17
28949,55818,17
28965,55810,17
28993,55812,17
29011,55855,17
29018,55829,17
29005,55869,17
29002,55812,17
28956,55846,17
28998,55821,17
29005,55820,17
28985,55861,17
28992,55835,17
28936,55838,17
29001,55829,17
28988,55869,17
28985,55812,17
28953,55819,17
28981,55821,17
29005,55850,17
28988,55820,17
28975,55835,17
28992,55865,17
28993,55878,17
28984,55829,17
29001,55859,17
28985,55842,17
28992,55816,17
28972,55857,17
28964,55821,17
28988,55850,17
28971,55820,17
29016,55852,17
28975,55865,17
28932,55828,17
28967,55829,17
28985,55872,17
28975,55816,17
28992,55846,17
28955,55857,17
29016,55803,17
28935,55836,17
28936,55849,17
28984,55810,17
28964,55851,17
28980,55819,17
29016,55833,17
28958,55816,17
29004,55861,17
28967,55810,17
28954,55825,17
28949,55852,17
28963,55819,17
29007,55819,17
28958,55846,17
29018,55863,17
28959,55859,17
28950,55810,17
29003,55828,17
28954,55855,17
28938,55838,17
29006,55836,17
29007,55849,17
28941,55846,17
28986,55828,17
29003,55858,17
29010,55857,17
29003,55809,17
29010,55808,17
28990,55849,17
29007,55879,17
29006,55817,17
29007,55830,17
28934,55828,17
28986,55809,17
29003,55839,17
28937,55836,17
28990,55879,17
28993,55808,17
28998,55866,17
28989,55817,17
28990,55830,17
28994,55875,17
28969,55809,17
28986,55839,17
28993,55838,17
28981,55866,17
29009,55868,17
28990,55860,17
28980,55804,17
28960,55845,17
29008,55806,17
29020,55863,17
28977,55826,17
28964,55866,17
29012,55827,17
28980,55834,17
28973,55835,17
29008,55836,17
29009,55849,17
28960,55826,17
28977,55856,17
29012,55857,17
28969,55820,17
29020,55844,17
28980,55864,17
29008,55866,17
28957,55848,17
29012,55808,17
29009,55879,17
28960,55856,17
29008,55817,17
28995,55857,17
28952,55820,17
29020,55874,17
28939,55835,17
28956,55865,17
28963,55864,17
28999,55852,17
28940,55848,17
28995,55808,17
29012,55838,17
28942,55843,17
29000,55866,17
28991,55817,17
29008,55847,17
29003,55873,17
28996,55875,17
28995,55838,17
28947,55852,17
28983,55866,17
28946,55815,17
28999,55833,17
28934,55843,17
28962,55845,17
28943,55837,17
29003,55854,17
28994,55805,17
28966,55866,17
28939,55846,17
28982,55833,17
28999,55863,17
28995,55819,17
28999,55814,17
28986,55854,17
28962,55826,17
28978,55818,17
28982,55863,17
29014,55807,17
28974,55827,17
28966,55847,17
28982,55814,17
28969,55854,17
28962,55856,17
28965,55863,17
29013,55824,17
29014,55837,17
29018,55882,17
28965,55814,17
29017,55845,17
29011,55859,17
28945,55856,17
29005,55873,17
28961,55823,17
28968,55822,17
28997,55837,17
29014,55867,17
28956,55850,17
28948,55814,17
28965,55844,17
29013,55805,17
29014,55818,17
29008,55832,17
28961,55853,17
29010,55827,17
29017,55826,17
28997,55867,17
29005,55854,17
28948,55844,17
28996,55805,17
28997,55818,17
28984,55833,17
29001,55863,17
28944,55853,17
28965,55825,17
28993,55827,17
29000,55826,17
28987,55841,17
28988,55854,17
28997,55848,17
28939,55831,17
28984,55863,17
28991,55862,17
28947,55812,17
28985,55876,17
28976,55827,17
28993,55857,17
28935,55840,17
28987,55871,17
28984,55814,17
28971,55854,17
28987,55822,17
28967,55863,17
28988,55835,17
29016,55837,17
28967,55814,17
28976,55808,17
28970,55822,17
28987,55852,17
28971,55835,17
29016,55867,17
28987,55803,17
28950,55814,17
28967,55844,17
28954,55859,17
29019,55825,17
28970,55852,17
29006,55840,17
28971,55865,17
28950,55844,17
29010,55861,17
29019,55855,17
29006,55870,17
29019,55806,17
28958,55861,17
29015,55815,17
28949,55812,17
29002,55855,17
29010,55842,17
28937,55840,17
29002,55806,17
29019,55836,17
28989,55821,17
29006,55851,17
28998,55815,17
29015,55845,17
28993,55842,17
29010,55872,17
28985,55806,17
29002,55836,17
28989,55851,17
29006,55881,17
28990,55864,17
28953,55813,17
28981,55815,17
28992,55859,17
28986,55873,17
28993,55872,17
29021,55874,17
28985,55836,17
28992,55810,17
28972,55851,17
28989,55881,17
28993,55823,17
29021,55825,17
28989,55832,17
29012,55861,17
28975,55810,17
28992,55840,17
28976,55823,17
28969,55824,17
29021,55855,17
28980,55868,17
28985,55817,17
29016,55882,17
28972,55832,17
29021,55806,17
28959,55823,17
28976,55853,17
29004,55855,17
28963,55868,17
29012,55842,17
28992,55821,17
28972,55862,17
28942,55847,17
29004,55806,17
28991,55821,17
29008,55851,17
28972,55813,17
28952,55854,17
28959,55853,17
28995,55842,17
29012,55872,17
28955,55862,17
29015,55879,17
29004,55836,17
28963,55849,17
28946,55819,17
28991,55851,17
29008,55881,17
29007,55843,17
28955,55813,17
29015,55830,17
28995,55872,17
28994,55809,17
28939,55850,17
28946,55849,17
29003,55803,17
28991,55881,17
28995,55823,17
28998,55830,17
29015,55860,17
28991,55832,17
29007,55824,17
28994,55839,17
28986,55803,17
28974,55831,17
28998,55860,17
28994,55869,17
29007,55805,17
29021,55840,17
28994,55820,17
28981,55860,17
28974,55861,17
28978,55803,17
29017,55849,17
28977,55869,17
28974,55812,17
28968,55826,17
28986,55869,17
29014,55871,17
29021,55870,17
28994,55850,17
28957,55861,17
28977,55820,17
28978,55833,17
29013,55809,17
29020,55808,17
29017,55879,17
28973,55829,17
28957,55812,17
29009,55843,17
28968,55856,17
28969,55869,17
29017,55830,17
28997,55871,17
28960,55820,17
28978,55863,17
28996,55809,17
29020,55838,17
29000,55830,17
29017,55860,17
28973,55810,17
29009,55824,17
28996,55839,17
29013,55869,17
29017,55811,17
28997,55852,17
28940,55842,17
28991,55866,17
28947,55816,17
29000,55860,17
28956,55810,17
28987,55875,17
28944,55838,17
28968,55867,17
28979,55839,17
28996,55869,17
29000,55811,17
28997,55882,17
28947,55846,17
28931,55829,17
28948,55859,17
28996,55820,17
28983,55860,17
28999,55827,17
28991,55847,17
28934,55837,17
28979,55869,17
28976,55812,17
29000,55841,17
28983,55811,17
28979,55820,17
28996,55850,17
28999,55857,17
28959,55812,17
28976,55842,17
28983,55841,17
28966,55811,17
28970,55856,17
28999,55808,17
28962,55820,17
28930,55827,17
29018,55846,17
29019,55859,17
28982,55808,17
28999,55838,17
29011,55823,17
28962,55850,17
29018,55876,17
28949,55816,17
29002,55859,17
29011,55853,17
29018,55827,17
28961,55817,17
28966,55822,17
29019,55840,17
29013,55854,17
29011,55804,17
28962,55831,17
29005,55818,17
28949,55846,17
29014,55812,17
29001,55827,17
29018,55857,17
29002,55840,17
29011,55834,17
28953,55817,17
29018,55808,17
29005,55848,17
28992,55863,17
29001,55857,17
28985,55840,17
29002,55870,17
28953,55847,17
29001,55808,17
28988,55848,17
28932,55826,17
28984,55857,17
28985,55870,17
28975,55814,17
28992,55844,17
28935,55834,17
28936,55847,17
28984,55808,17
29001,55838,17
28985,55821,17
28989,55866,17
28981,55830,17
28988,55829,17
29016,55831,17
28992,55874,17
28976,55857,17
29004,55859,17
28984,55838,17
28985,55851,17
28992,55825,17
28936,55828,17
28964,55830,17
28971,55829,17
28959,55857,17
28932,55837,17
28954,55853,17
29016,55812,17
28975,55825,17
29020,55857,17
29004,55840,17
28984,55819,17
28964,55860,17
28964,55811,17
28958,55825,17
29011,55868,17
28975,55855,17
29004,55870,17
29003,55807,17
29007,55877,17
28955,55847,17
29006,55815,17
29007,55828,17
28958,55855,17
28986,55807,17
29003,55837,17
28937,55834,17
28954,55864,17
29010,55836,17
28938,55847,17
28998,55864,17
29006,55845,17
28990,55828,17
29007,55858,17
28954,55815,17
28994,55873,17
28986,55837,17
29003,55867,17
29007,55809,17
29003,55818,17
28990,55858,17
28998,55845,17
28986,55867,17
28990,55809,17
28994,55854,17
28986,55818,17
28980,55832,17
28998,55875,17
29009,55847,17
28969,55867,17
28990,55839,17
28960,55824,17
28977,55854,17
28969,55818,17
28986,55848,17
28980,55862,17
28964,55845,17
28981,55875,17
29012,55806,17
29009,55877,17
28973,55814,17
28980,55813,17
28960,55854,17
29008,55815,17
29009,55828,17
28952,55818,17
28969,55848,17
29020,55872,17
28977,55835,17
29012,55836,17
29020,55823,17
28956,55814,17
28980,55843,17
28963,55813,17
29008,55845,17
29009,55858,17
28968,55871,17
29012,55866,17
29020,55853,17
28983,55864,17
28956,55844,17
28963,55843,17
28991,55845,17
29012,55817,17
28960,55865,17
29008,55826,17
29003,55852,17
28996,55854,17
28939,55844,17
28946,55843,17
28999,55861,17
28995,55817,17
28991,55826,17
29003,55882,17
28951,55852,17
28979,55854,17
28930,55831,17
28966,55845,17
28983,55875,17
28982,55812,17
28999,55842,17
28962,55854,17
28991,55807,17
28982,55842,17
28999,55872,17
28945,55854,17
28966,55826,17
29014,55865,17
28978,55827,17
28982,55872,17
29013,55803,17
29014,55816,17
29018,55861,17
28961,55851,17
28966,55856,17
28982,55823,17
29017,55824,17
29011,55838,17
29013,55833,17
28997,55816,17
29014,55846,17
28973,55859,17
29001,55861,17
28965,55823,17
29005,55882,17
28968,55831,17
29010,55806,17
29017,55805,17
28997,55846,17
29014,55876,17
28956,55859,17
28984,55861,17
29005,55833,17
28965,55853,17
29013,55814,17
29001,55842,17
28961,55862,17
28993,55806,17
29000,55805,17
28997,55876,17
28987,55820,17
28988,55833,17
29005,55863,17
28948,55853,17
28996,55814,17
28997,55827,17
28967,55812,17
28984,55842,17
29001,55872,17
28976,55806,17
28993,55836,17
28987,55850,17
28971,55833,17
28988,55863,17
28944,55813,17
28984,55872,17
28988,55814,17
29016,55816,17
28976,55836,17
28935,55849,17
28984,55823,17
28971,55863,17
28987,55831,17
28971,55814,17
29016,55846,17
28975,55859,17
28931,55834,17
28967,55823,17
29019,55804,17
28970,55831,17
29016,55876,17
28958,55859,17
29015,55813,17
28949,55810,17
28967,55853,17
29010,55840,17
28937,55838,17
29018,55821,17
29019,55834,17
29006,55849,17
29015,55843,17
28970,55812,17
28950,55853,17
29010,55870,17
29002,55834,17
29019,55864,17
28961,55847,17
29006,55879,17
29010,55821,17
28990,55862,17
28953,55811,17
28998,55843,17
29019,55815,17
28946,55813,17
28941,55840,17
29015,55824,17
28989,55879,17
28993,55821,17
29010,55851,17
28937,55849,17
28989,55830,17
29006,55860,17
28990,55843,17
28998,55824,17
28992,55838,17
28933,55834,17
28986,55852,17
29010,55881,17
28993,55851,17
29021,55853,17
28980,55866,17
28985,55815,17
28972,55830,17
28989,55860,17
28990,55873,17
28953,55822,17
29021,55804,17
28981,55824,17
28989,55811,17
28969,55852,17
28993,55881,17
28976,55851,17
28992,55819,17
28972,55860,17
29020,55821,17
29004,55804,17
29021,55834,17
29016,55861,17
28972,55811,17
28989,55841,17
28952,55852,17
29012,55870,17
28968,55820,17
28975,55819,17
29004,55834,17
29021,55864,17
28980,55877,17
28963,55847,17
28955,55811,17
29008,55830,17
28995,55870,17
28951,55820,17
28968,55850,17
29004,55864,17
28946,55847,17
28995,55821,17
29012,55851,17
29015,55858,17
29004,55815,17
28963,55828,17
28991,55830,17
29008,55860,17
28951,55850,17
29015,55809,17
29003,55831,17
28995,55851,17
28938,55841,17
29004,55845,17
28963,55858,17
28991,55860,17
28955,55822,17
28998,55809,17
28942,55837,17
28943,55850,17
28991,55811,17
29007,55803,17
28995,55881,17
28994,55818,17
28946,55858,17
29003,55812,17
28998,55839,17
28990,55803,17
28994,55848,17
28983,55805,17
28978,55831,17
28998,55869,17
29017,55828,17
28978,55861,17
29013,55837,17
28994,55829,17
28981,55869,17
28978,55812,17
28982,55857,17
29017,55858,17
28980,55807,17
28974,55821,17
29009,55822,17
29013,55867,17
29017,55809,17
29014,55880,17
28977,55829,17
28978,55842,17
28965,55857,17
29013,55818,17
29020,55817,17
28957,55821,17
28974,55851,17
28968,55865,17
28996,55867,17
28952,55848,17
29000,55809,17
29017,55839,17
28997,55880,17
28947,55844,17
29009,55803,17
28968,55816,17
28948,55857,17
28996,55818,17
29013,55848,17
29020,55847,17
28977,55810,17
28957,55851,17
29008,55875,17
29005,55812,17
29000,55839,17
29017,55869,17
28987,55854,17
28944,55817,17
28951,55816,17
28979,55818,17
28996,55848,17
29013,55878,17
28997,55861,17
28960,55810,17
28940,55851,17
28991,55875,17
28988,55812,17
28948,55838,17
28983,55839,17
29000,55869,17
28999,55806,17
28944,55847,17
28951,55846,17
28996,55878,17
28987,55835,17
28947,55855,17
28931,55838,17
28996,55829,17
28983,55869,17
28999,55836,17
28976,55821,17
28983,55820,17
28987,55865,17
28979,55829,17
28966,55869,17
28967,55857,17
28959,55821,17
28966,55820,17
28970,55865,17
28962,55829,17
28949,55844,17
28970,55816,17
28950,55857,17
28930,55836,17
28973,55823,17
29011,55881,17
29018,55855,17
28959,55851,17
29002,55838,17
29019,55868,17
28982,55817,17
29011,55832,17
29018,55806,17
28973,55853,17
28962,55810,17
29015,55828,17
29002,55868,17
28965,55817,17
28958,55819,17
29011,55862,17
28953,55845,17
29018,55836,17
29001,55806,17
29013,55863,17
29011,55813,17
28945,55810,17
28998,55828,17
28949,55855,17
28992,55842,17
28933,55838,17
29001,55836,17
29018,55866,17
28985,55819,17
29002,55849,17
28996,55863,17
28953,55826,17
28998,55858,17
29005,55857,17
28992,55872,17
28984,55836,17
29005,55808,17
28985,55849,17
28992,55823,17
28972,55864,17
28936,55826,17
28953,55856,17
28981,55858,17
28932,55835,17
28981,55809,17
28988,55808,17
29016,55810,17
28975,55823,17
28992,55853,17
28935,55843,17
29021,55868,17
28984,55817,17
28964,55858,17
28985,55830,17
28992,55804,17
29020,55806,17
28964,55809,17
28981,55839,17
28988,55838,17
28975,55853,17
28976,55866,17
29004,55868,17
28967,55817,17
28955,55845,17
29020,55836,17
28958,55853,17
28954,55862,17
29011,55847,17
28938,55845,17
28975,55834,17
29020,55866,17
29004,55849,17
28954,55813,17
29007,55856,17
28955,55826,17
29007,55807,17
29011,55877,17
28975,55864,17
29003,55816,17
29010,55815,17
28954,55843,17
28938,55826,17
29015,55873,17
28990,55807,17
29007,55837,17
28934,55835,17
28958,55864,17
28994,55852,17
28986,55816,17
29003,55846,17
28937,55843,17
29010,55845,17
28958,55815,17
28998,55873,17
28990,55837,17
29007,55867,17
28994,55882,17
29006,55805,17
28986,55846,17
29003,55876,17
28994,55833,17
28981,55873,17
28990,55867,17
28980,55811,17
28998,55854,17
29009,55826,17
28989,55805,17
28990,55818,17
28977,55833,17
28994,55863,17
28986,55827,17
28980,55841,17
28964,55824,17
28981,55854,17
28974,55855,17
29009,55856,17
28990,55848,17
28977,55863,17
29009,55807,17
28969,55827,17
29020,55851,17
28980,55871,17
28977,55814,17
28957,55855,17
28964,55854,17
29012,55815,17
29017,55873,17
28980,55822,17
28960,55863,17
29008,55824,17
29009,55837,17
29013,55882,17
29020,55881,17
28960,55814,17
29012,55845,17
29020,55832,17
29000,55873,17
28963,55822,17
28956,55823,17
28991,55824,17
29009,55867,17
28996,55882,17
28960,55844,17
29008,55805,17
28995,55845,17
28947,55859,17
28983,55873,17
28956,55853,17
28999,55840,17
29012,55826,17
28943,55844,17
28991,55805,17
29003,55861,17
28979,55833,17
28939,55853,17
28999,55870,17
28988,55827,17
28995,55826,17
28983,55854,17
28934,55831,17
28979,55863,17
28982,55870,17
28971,55827,17
28930,55840,17
28966,55854,17
28982,55821,17
28999,55851,17
28962,55863,17
29014,55844,17
28962,55814,17
28978,55806,17
28965,55821,17
29011,55866,17
28974,55815,17
29017,55803,17
29014,55874,17
28945,55814,17
28962,55844,17
28949,55859,17
28965,55851,17
29013,55812,17
29014,55825,17
28957,55815,17
29001,55840,17
29018,55870,17
28961,55860,17
28982,55832,17
29017,55833,17
28997,55874,17
28945,55844,17
29005,55861,17
28961,55811,17
28997,55825,17
29014,55855,17
28984,55840,17
29001,55870,17
29008,55869,17
28944,55860,17
28988,55861,17
28944,55811,17
29017,55814,17
28997,55855,17
28939,55838,17
28984,55870,17
29005,55842,17
28965,55862,17
28935,55847,17
28997,55806,17
28984,55821,17
29001,55851,17
28944,55841,17
28993,55815,17
28987,55829,17
28971,55812,17
28988,55842,17
29016,55844,17
28931,55832,17
28997,55836,17
28967,55821,17
28948,55813,17
28976,55815,17
28935,55828,17
28936,55841,17
28988,55872,17
29016,55874,17
28987,55810,17
28967,55851,17
29016,55825,17
28959,55815,17
28970,55810,17
28987,55840,17
28950,55851,17
28971,55823,17
29016,55855,17
29019,55862,17
28954,55847,17
29019,55813,17
28971,55853,17
28941,55838,17
29015,55822,17
28949,55819,17
29010,55849,17
28937,55847,17
29002,55813,17
29019,55843,17
28961,55826,17
29006,55858,17
29007,55871,17
28998,55822,17
28933,55832,17
29006,55809,17
29010,55879,17
29015,55803,17
29002,55843,17
28989,55858,17
28950,55813,17
29010,55830,17
28937,55828,17
28990,55871,17
28953,55820,17
28989,55809,17
29006,55839,17
28993,55879,17
28941,55849,17
28998,55803,17
28944,55856,17
28992,55817,17
28986,55831,17
29010,55860,17
28993,55830,17
29021,55832,17
28972,55809,17
28989,55839,17
29006,55869,17
28990,55852,17
28981,55803,17
28992,55847,17
28976,55830,17
28986,55861,17
28993,55860,17
28969,55831,17
29021,55862,17
28980,55875,17
28989,55869,17
29021,55813,17
28989,55820,17
28976,55860,17
28969,55861,17
29012,55849,17
28969,55812,17
29004,55813,17
29021,55843,17
28980,55856,17
28963,55826,17
29009,55871,17
29016,55870,17
28972,55820,17
28959,55860,17
29008,55809,17
28995,55849,17
29012,55879,17
28968,55829,17
28952,55812,17
29004,55843,17
28963,55856,17
28964,55869,17
29012,55830,17
28955,55820,17
28972,55850,17
29015,55837,17
28991,55809,17
29008,55839,17
28995,55879,17
28946,55856,17
29003,55810,17
28995,55830,17
29015,55867,17
28991,55839,17
28934,55829,17
28995,55860,17
28951,55810,17
28946,55837,17
28991,55869,17
28994,55876,17
28942,55846,17
28994,55827,17
28978,55810,17
28974,55819,17
28986,55876,17
29014,55878,17
28977,55827,17
28994,55857,17
28978,55840,17
29013,55816,17
28994,55808,17
28957,55819,17
28974,55849,17
29017,55837,17
28978,55870,17
28968,55814,17
29013,55846,17
29014,55859,17
28977,55808,17
28994,55838,17
28957,55849,17
28978,55821,17
29017,55867,17
28973,55817,17
28974,55830,17
29009,55831,17
28961,55845,17
28996,55846,17
29013,55876,17
29017,55818,17
28997,55859,17
28965,55866,17
29013,55827,17
29000,55867,17
28956,55817,17
29008,55854,17
28944,55845,17
28951,55844,17
28996,55876,17
29017,55848,17
28947,55853,17
29009,55812,17
28931,55836,17
28996,55827,17
29013,55857,17
28997,55840,17
28957,55860,17
28991,55854,17
28948,55817,17
28983,55818,17
29000,55848,17
28987,55863,17
28979,55827,17
28996,55857,17
28948,55847,17
28996,55808,17
28970,55863,17
28979,55857,17
28970,55814,17
28987,55844,17
28930,55834,17
28979,55808,17
28966,55848,17
29019,55866,17
28999,55845,17
28962,55857,17
28983,55829,17
28987,55874,17
28971,55857,17
28979,55838,17
28974,55864,17
28967,55866,17
29011,55860,17
29018,55834,17
28966,55829,17
29019,55847,17
29011,55811,17
28949,55853,17
28970,55825,17
28933,55836,17
29014,55819,17
28973,55832,17
29018,55864,17
29015,55807,17
29002,55847,17
29019,55877,17
29011,55841,17
28953,55824,17
29018,55815,17
29019,55828,17
28973,55862,17
29001,55864,17
28998,55807,17
29005,55806,17
29002,55877,17
28953,55854,17
29018,55845,17
29002,55828,17
28996,55842,17
29006,55873,17
28956,55862,17
28981,55807,17
28998,55837,17
29005,55836,17
28985,55877,17
28992,55851,17
28993,55864,17
28936,55854,17
28984,55815,17
29001,55845,17
28985,55828,17
29002,55858,17
28989,55873,17
28981,55837,17
28998,55867,17
28988,55836,17
28992,55881,17
28976,55864,17
28985,55858,17
28992,55832,17
28993,55845,17
29021,55847,17
28936,55835,17
29001,55826,17
28981,55867,17
28985,55809,17
28980,55805,17
28981,55818,17
29016,55819,17
28975,55832,17
28992,55862,17
29004,55847,17
29021,55877,17
28964,55867,17
28955,55824,17
28972,55854,17
29020,55815,17
28964,55818,17
28975,55862,17
28959,55845,17
29004,55877,17
28975,55813,17
28955,55854,17
29020,55845,17
28964,55848,17
29007,55835,17
28958,55862,17
28951,55814,17
29011,55856,17
28938,55854,17
28958,55813,17
28954,55822,17
29007,55865,17
28994,55880,17
29015,55852,17
29006,55803,17
29003,55874,17
29007,55816,17
28958,55843,17
29010,55824,17
28938,55835,17
28998,55852,17
29015,55882,17
29006,55833,17
28990,55816,17
29007,55846,17
28941,55843,17
28994,55861,17
28986,55825,17
29003,55855,17
28998,55882,17
28990,55846,17
28977,55861,17
29006,55814,17
28969,55825,17
28977,55812,17
28994,55842,17
28986,55806,17
29021,55807,17
28980,55820,17
29009,55835,17
28969,55855,17
29020,55879,17
28990,55827,17
28960,55812,17
28977,55842,17
28986,55836,17
29020,55830,17
28973,55851,17
29008,55852,17
29009,55865,17
29008,55803,17
29009,55816,17
29013,55861,17
29020,55860,17
28963,55850,17
28957,55864,17
29012,55824,17
29017,55882,17
28980,55831,17
28943,55842,17
28991,55803,17
29008,55833,17
29009,55846,17
28968,55859,17
28996,55861,17
28960,55823,17
28995,55824,17
28947,55838,17
28963,55831,17
28991,55833,17
29012,55805,17
28951,55859,17
28979,55861,17
29000,55833,17
28960,55853,17
29008,55814,17
29003,55840,17
28930,55838,17
28939,55832,17
28999,55849,17
28940,55845,17
28988,55806,17
28995,55805,17
28962,55861,17
28983,55833,17
28943,55853,17
28991,55814,17
29003,55870,17
28979,55842,17
28983,55863,17
28999,55830,17
28986,55870,17
28945,55812,17
28971,55836,17
29014,55823,17
28966,55863,17
28982,55830,17
28999,55860,17
29011,55845,17
28945,55842,17
28961,55809,17
28966,55814,17
29014,55853,17
28962,55823,17
28978,55815,17
29009,55880,17
28965,55830,17
28982,55860,17
29014,55804,17
29011,55875,17
29018,55849,17
28982,55811,17
29017,55812,17
29011,55826,17
29005,55840,17
28965,55860,17
29013,55821,17
28997,55804,17
29014,55834,17
29001,55849,17
29018,55879,17
29008,55848,17
28944,55839,17
28965,55811,17
29010,55843,17
28945,55853,17
28988,55840,17
29005,55870,17
28961,55820,17
28948,55860,17
28997,55834,17
29014,55864,17
28956,55847,17
29008,55878,17
28948,55811,17
28993,55843,17
28935,55826,17
29001,55830,17
28988,55870,17
28944,55820,17
28939,55847,17
28987,55808,17
28988,55821,17
29016,55823,17
28948,55841,17
28997,55815,17
28984,55830,17
28993,55824,17
28987,55838,17
28971,55821,17
28988,55851,17
29016,55853,17
28967,55830,17
28984,55860,17
29016,55804,17
28976,55824,17
28935,55837,17
28964,55852,17
28971,55851,17
28987,55819,17
28967,55860,17
29016,55834,17
29019,55841,17
28967,55811,17
28963,55820,17
28970,55819,17
28950,55860,17
28958,55847,17
28950,55811,17
29010,55828,17
28937,55826,17
28954,55856,17
29019,55822,17
29006,55837,17
28941,55847,17
29015,55831,17
29010,55858,17
28946,55850,17
28989,55837,17
29006,55867,17
29010,55809,17
28990,55850,17
29007,55880,17
28998,55831,17
29019,55803,17
28933,55841,17
29006,55818,17
28993,55858,17
28989,55867,17
28993,55809,17
29010,55839,17
28937,55837,17
28990,55880,17
29021,55811,17
29002,55803,17
28989,55818,17
29006,55848,17
28990,55831,17
28998,55812,17
28992,55826,17
28976,55809,17
28986,55840,17
28993,55839,17
29021,55841,17
28980,55854,17
28985,55803,17
29016,55868,17
28972,55818,17
28989,55848,17
29012,55877,17
28952,55810,17
28976,55839,17
28993,55869,17
29021,55871,17
28963,55854,17
28978,55834,17
29012,55828,17
28992,55807,17
28972,55848,17
29020,55809,17
29021,55822,17
28980,55835,17
28976,55869,17
28969,55870,17
28995,55828,17
29012,55858,17
28955,55848,17
29021,55852,17
28980,55865,17
29008,55867,17
29012,55809,17
28972,55829,17
29015,55816,17
28960,55857,17
29008,55818,17
28995,55858,17
28963,55865,17
28991,55867,17
28995,55809,17
29012,55839,17
29015,55846,17
28942,55844,17
29004,55803,17
28963,55816,17
28991,55818,17
29007,55810,17
29000,55812,17
28995,55839,17
28938,55829,17
29015,55876,17
28946,55816,17
28991,55848,17
28994,55855,17
28955,55810,17
28983,55812,17
28995,55869,17
28994,55806,17
28998,55876,17
28946,55846,17
28991,55878,17
28978,55868,17
28977,55806,17
28994,55836,17
28978,55819,17
28982,55864,17
28973,55815,17
28974,55828,17
29017,55816,17
28977,55836,17
28965,55864,17
29013,55825,17
28994,55817,17
28974,55858,17
29017,55846,17
28945,55857,17
28974,55809,17
29009,55810,17
28968,55823,17
28996,55825,17
29013,55855,17
29020,55854,17
28997,55838,17
29014,55868,17
28977,55817,17
28957,55858,17
29008,55882,17
28965,55845,17
29013,55806,17
29000,55846,17
29017,55876,17
28957,55809,17
28961,55854,17
28968,55853,17
28996,55855,17
29017,55827,17
28997,55868,17
28960,55817,17
28948,55845,17
28996,55806,17
29013,55836,17
29000,55876,17
28997,55819,17
29008,55863,17
28944,55854,17
28951,55853,17
29000,55827,17
28987,55842,17
28979,55806,17
28996,55836,17
28940,55839,17
28991,55863,17
28947,55813,17
28983,55827,17
29000,55857,17
28987,55872,17
28979,55836,17
29000,55808,17
28987,55823,17
28967,55864,17
28947,55843,17
28931,55826,17
28976,55858,17
28983,55857,17
29019,55845,17
28983,55808,17
28970,55823,17
28987,55853,17
28930,55843,17
28979,55817,17
29019,55875,17
28982,55824,17
28967,55845,17
29011,55839,17
29018,55813,17
28959,55809,17
28983,55838,17
29019,55826,17
28970,55853,17
28999,55805,17
28962,55817,17
28950,55845,17
28973,55811,17
29018,55843,17
29002,55826,17
29019,55856,17
28982,55805,17
29013,55870,17
29010,55807,17
29011,55820,17
28945,55817,17
29019,55807,17
29001,55843,17
29018,55873,17
28949,55813,17
29002,55856,17
28989,55871,17
29018,55824,17
29005,55864,17
29002,55807,17
28998,55816,17
29005,55815,17
28985,55856,17
28949,55843,17
28992,55830,17
28933,55826,17
29010,55873,17
28936,55833,17
28953,55863,17
28985,55807,17
29002,55837,17
28989,55852,17
28932,55842,17
28953,55814,17
28981,55816,17
28998,55846,17
29005,55845,17
28988,55815,17
28992,55860,17
28993,55873,17
28984,55824,17
28985,55837,17
28992,55811,17
28972,55852,17
28989,55882,17
28953,55844,17
29001,55805,17
28964,55816,17
28975,55860,17
28985,55867,17
28975,55811,17
28992,55841,17
28955,55852,17
29021,55856,17
28936,55844,17
28984,55805,17
28964,55846,17
28972,55833,17
28958,55811,17
28992,55871,17
28959,55824,17
28976,55854,17
29004,55856,17
28954,55820,17
28972,55863,17
29020,55824,17
29004,55807,17
28964,55827,17
29007,55814,17
28952,55855,17
28959,55854,17
28954,55850,17
28975,55822,17
28938,55833,17
28955,55863,17
29015,55880,17
29007,55844,17
28955,55814,17
29003,55853,17
28937,55850,17
28995,55873,17
28958,55822,17
28998,55880,17
29003,55804,17
28991,55882,17
29010,55803,17
29007,55874,17
29015,55861,17
29006,55812,17
28986,55853,17
29007,55825,17
28994,55840,17
28986,55804,17
29003,55834,17
28937,55831,17
28990,55874,17
28938,55844,17
28981,55831,17
28998,55861,17
28989,55812,17
28990,55825,17
29007,55855,17
28977,55840,17
28994,55870,17
28986,55834,17
28994,55821,17
28981,55861,17
28974,55862,17
28990,55870,17
28990,55855,17
28977,55870,17
28966,55827,17
29009,55814,17
29020,55858,17
28990,55806,17
28977,55821,17
28957,55862,17
28986,55815,17
29017,55880,17
28980,55829,17
28973,55830,17
29008,55831,17
29009,55844,17
29004,55871,17
28960,55821,17
29012,55852,17
28969,55815,17
29020,55839,17
28963,55829,17
28973,55860,17
28957,55843,17
29012,55803,17
29009,55874,17
28951,55857,17
29017,55861,17
28960,55851,17
29008,55812,17
29009,55825,17
28952,55815,17
28996,55840,17
29020,55869,17
28939,55830,17
28956,55860,17
28940,55843,17
28995,55803,17
29012,55833,17
29000,55861,17
28956,55811,17
28963,55810,17
28943,55851,17
28991,55812,17
28979,55840,17
28996,55870,17
28999,55877,17
29003,55819,17
28947,55847,17
28983,55861,17
28946,55810,17
28999,55828,17
28934,55838,17
28979,55870,17
29003,55849,17
28979,55821,17
28966,55861,17
28939,55841,17
28999,55858,17
28962,55870,17
28966,55812,17
28983,55842,17
28999,55809,17
28986,55849,17
28962,55821,17
28982,55858,17
28971,55815,17
28930,55828,17
28974,55822,17
28982,55809,17
28999,55839,17
29011,55824,17
28962,55851,17
29014,55832,17
29018,55877,17
28965,55809,17
28982,55839,17
29011,55854,17
28945,55851,17
29005,55868,17
28961,55818,17
29014,55862,17
28956,55845,17
29001,55877,17
29011,55805,17
28949,55847,17
28982,55869,17
29014,55813,17
28973,55826,17
29001,55828,17
29018,55858,17
29008,55827,17
28961,55848,17
29010,55822,17
29017,55821,17
28997,55862,17
28988,55819,17
29005,55849,17
28948,55839,17
29014,55843,17
28956,55826,17
28984,55828,17
29001,55858,17
28944,55848,17
29002,55871,17
28965,55820,17
28993,55822,17
29010,55852,17
29001,55809,17
28988,55849,17
29005,55879,17
28997,55843,17
28956,55856,17
28939,55826,17
28984,55858,17
28985,55871,17
28948,55820,17
28976,55822,17
28935,55835,17
28987,55866,17
28936,55848,17
28984,55809,17
28993,55803,17
28987,55817,17
28967,55858,17
28988,55830,17
29016,55832,17
28992,55875,17
28967,55809,17
28984,55839,17
28976,55803,17
28970,55817,17
28987,55847,17
28964,55831,17
28988,55860,17
28971,55830,17
29016,55862,17
28958,55845,17
28950,55809,17
28984,55869,17
28954,55854,17
29016,55813,17
28935,55846,17
29019,55820,17
28964,55861,17
28971,55860,17
28967,55869,17
28958,55826,17
29011,55869,17
29019,55850,17
29006,55865,17
28967,55820,17
29007,55878,17
29006,55816,17
28958,55856,17
29015,55810,17
28961,55863,17
28950,55820,17
29003,55838,17
29010,55837,17
28990,55878,17
28954,55865,17
28937,55835,17
29019,55831,17
29006,55846,17
29007,55859,17
29001,55873,17
28998,55810,17
28986,55838,17
29003,55868,17
29010,55867,17
28993,55837,17
28989,55846,17
29006,55876,17
28990,55859,17
28981,55810,17
28986,55868,17
28993,55867,17
28941,55837,17
28992,55805,17
28989,55876,17
28986,55819,17
28993,55818,17
29021,55820,17
28980,55833,17
28989,55827,17
28969,55868,17
29012,55856,17
28976,55818,17
28969,55819,17
29021,55850,17
28980,55863,17
28981,55876,17
28978,55813,17
29009,55878,17
29016,55877,17
28989,55857,17
28972,55827,17
28980,55814,17
29008,55816,17
28952,55819,17
28969,55849,17
28976,55848,17
29004,55850,17
28963,55863,17
29012,55837,17
29021,55831,17
28963,55814,17
28991,55816,17
29008,55846,17
29009,55859,17
28952,55849,17
28959,55848,17
28995,55837,17
29012,55867,17
28968,55817,17
29004,55831,17
28963,55844,17
28946,55814,17
28991,55846,17
29008,55876,17
29012,55818,17
29015,55825,17
28995,55867,17
28951,55817,17
28939,55845,17
28946,55844,17
28991,55876,17
28995,55818,17
29015,55855,17
28942,55853,17
28991,55827,17
28994,55834,17
28995,55848,17
28974,55826,17
28998,55855,17
28991,55857,17
28994,55864,17
28994,55815,17
28974,55856,17
28986,55864,17
29014,55866,17
28977,55815,17
28994,55845,17
28978,55828,17
28965,55843,17
28982,55873,17
29013,55804,17
29017,55874,17
28973,55824,17
28974,55837,17
28968,55851,17
28969,55864,17
29017,55825,17
28997,55866,17
28978,55858,17
28948,55843,17
29013,55834,17
29020,55833,17
29014,55847,17
29008,55861,17
28965,55824,17
29017,55855,17
29009,55819,17
28996,55834,17
29013,55864,17
29017,55806,17
28997,55847,17
28940,55837,17
28947,55811,17
28965,55854,17
29013,55815,17
29000,55855,17
28987,55870,17
28957,55818,17
28968,55862,17
28996,55864,17
28993,55807,17
29017,55836,17
29000,55806,17
28997,55877,17
28947,55841,17
28948,55854,17
28996,55815,17
28997,55828,17
28991,55842,17
28979,55864,17
28976,55807,17
29000,55836,17
28983,55806,17
28987,55851,17
28988,55864,17
28979,55815,17
28996,55845,17
28984,55873,17
28976,55837,17
28935,55850,17
28983,55836,17
28970,55851,17
28999,55803,17
28971,55864,17
28962,55815,17
28987,55832,17
29016,55847,17
28931,55835,17
28976,55867,17
29019,55854,17
28982,55803,17
29011,55818,17
29018,55871,17
28979,55826,17
28949,55811,17
29011,55848,17
29018,55822,17
28959,55818,17
28966,55817,17
29019,55835,17
28970,55862,17
29013,55849,17
28950,55854,17
28953,55861,17
29018,55852,17
29002,55835,17
29019,55865,17
29013,55879,17
29006,55880,17
29011,55829,17
28953,55812,17
29018,55803,17
29005,55843,17
29015,55874,17
28993,55871,17
29001,55852,17
28985,55835,17
29002,55865,17
28992,55809,17
28989,55880,17
29001,55803,17
29018,55833,17
28998,55825,17
28985,55865,17
28992,55839,17
28933,55835,17
28993,55852,17
29021,55854,17
28936,55842,17
29001,55833,17
28984,55803,17
28985,55816,17
28989,55861,17
28953,55823,17
28981,55825,17
28988,55824,17
28992,55869,17
28976,55852,17
28993,55882,17
29004,55854,17
28985,55846,17
28992,55820,17
28972,55861,17
29021,55835,17
28964,55825,17
28981,55855,17
28972,55812,17
28959,55852,17
28932,55832,17
29016,55807,17
28975,55820,17
28992,55850,17
28955,55861,17
29020,55852,17
28976,55833,17
29004,55835,17
29021,55865,17
28936,55853,17
28964,55855,17
28955,55812,17
29020,55803,17
28958,55820,17
28975,55850,17
29004,55865,17
29015,55859,17
28949,55856,17
29004,55816,17
29007,55823,17
28958,55850,17
28959,55863,17
29003,55832,17
28938,55842,17
28998,55859,17
28991,55861,17
28954,55810,17
29007,55853,17
28941,55850,17
28994,55868,17
28942,55838,17
28986,55832,17
29003,55862,17
29007,55804,17
28946,55859,17
29003,55813,17
28990,55853,17
28998,55840,17
29015,55870,17
28986,55862,17
28990,55804,17
29007,55834,17
28934,55832,17
28977,55819,17
28994,55849,17
28986,55813,17
29003,55843,17
28938,55853,17
28981,55840,17
28998,55870,17
28990,55834,17
28994,55879,17
28978,55862,17
28969,55813,17
28986,55843,17
29020,55837,17
28980,55857,17
28981,55870,17
29009,55872,17
28973,55809,17
28980,55808,17
28960,55849,17
29009,55823,17
29020,55867,17
29021,55880,17
28977,55830,17
28940,55841,17
28964,55870,17
29012,55831,17
29020,55818,17
29000,55859,17
28956,55809,17
28980,55838,17
29008,55840,17
28957,55822,17
29009,55853,17
28968,55866,17
29004,55880,17
28977,55860,17
28947,55845,17
29009,55804,17
29020,55848,17
28957,55852,17
29012,55812,17
29000,55840,17
28960,55860,17
29008,55821,17
29009,55834,17
28996,55849,17
29020,55878,17
28939,55839,17
28960,55811,17
28940,55852,17
28983,55840,17
29000,55870,17
28999,55807,17
29003,55877,17
28951,55847,17
28962,55819,17
28996,55879,17
28930,55826,17
28947,55856,17
28983,55870,17
28999,55837,17
28962,55849,17
28983,55821,17
28943,55841,17
28979,55830,17
28966,55870,17
28982,55837,17
28999,55867,17
28966,55821,17
28970,55866,17
28962,55830,17
28978,55822,17
28982,55867,17
28971,55824,17
29014,55811,17
29018,55856,17
28966,55851,17
28982,55818,17
29011,55833,17
28962,55860,17
29005,55847,17
28965,55867,17
29013,55828,17
28973,55854,17
29001,55856,17
28965,55818,17
29011,55863,17
28945,55860,17
29018,55837,17
29005,55877,17
28997,55841,17
28956,55854,17
28945,55811,17
28985,55869,17
28948,55818,17
28965,55848,17
29014,55822,17
28984,55807,17
29001,55837,17
29010,55831,17
28945,55841,17
28988,55828,17
29005,55858,17
28948,55848,17
28992,55873,17
28997,55822,17
28984,55837,17
29001,55867,17
29005,55809,17
28985,55850,17
28965,55829,17
28993,55831,17
28987,55845,17
28932,55836,17
28984,55867,17
28988,55809,17
29016,55811,17
28992,55854,17
28935,55844,17
28984,55818,17
28971,55858,17
28987,55826,17
28967,55867,17
28971,55809,17
28988,55839,17
28975,55854,17
28967,55818,17
28970,55826,17
29016,55871,17
28958,55854,17
29015,55808,17
28987,55807,17
28950,55818,17
28967,55848,17
28954,55863,17
29016,55822,17
29019,55829,17
28971,55869,17
28954,55814,17
29007,55857,17
28941,55854,17
28950,55848,17
29010,55865,17
29011,55878,17
29006,55874,17
29010,55816,17
28990,55857,17
28954,55844,17
28998,55838,17
29019,55810,17
29007,55838,17
28958,55865,17
29015,55819,17
28993,55816,17
29003,55847,17
28937,55844,17
29010,55846,17
29002,55810,17
28989,55825,17
29006,55855,17
28990,55838,17
29007,55868,17
28933,55829,17
29006,55806,17
28969,55817,17
28986,55847,17
29010,55876,17
28993,55846,17
28985,55810,17
28989,55855,17
28990,55868,17
28989,55806,17
28986,55877,17
28993,55876,17
29021,55878,17
28990,55819,17
29012,55835,17
28992,55814,17
28972,55855,17
29021,55829,17
28980,55842,17
29016,55856,17
28989,55836,17
28952,55847,17
28977,55864,17
29012,55865,17
28968,55815,17
28969,55828,17
29021,55859,17
28980,55872,17
29012,55816,17
28972,55836,17
29021,55810,17
28980,55823,17
28960,55864,17
29008,55825,17
28951,55815,17
28969,55858,17
29020,55882,17
28995,55816,17
29012,55846,17
29004,55810,17
28963,55823,17
28991,55825,17
29008,55855,17
28972,55817,17
28952,55858,17
29015,55804,17
28995,55846,17
29012,55876,17
28952,55809,17
28963,55853,17
28991,55855,17
28955,55817,17
29015,55834,17
28943,55845,17
28991,55806,17
28995,55876,17
28939,55854,17
28946,55853,17
28999,55871,17
28995,55827,17
28998,55834,17
29015,55864,17
28991,55836,17
28994,55843,17
28978,55826,17
28982,55871,17
28974,55835,17
28962,55864,17
28978,55856,17
28965,55871,17
29014,55845,17
28994,55824,17
28974,55865,17
28978,55807,17
29017,55853,17
28974,55816,17
29013,55862,17
29017,55804,17
28997,55845,17
29014,55875,17
28977,55824,17
28957,55865,17
28978,55837,17
28965,55852,17
29013,55813,17
29020,55812,17
29014,55826,17
28957,55816,17
28961,55861,17
28968,55860,17
28952,55843,17
29000,55804,17
29017,55834,17
28997,55875,17
28945,55845,17
28978,55867,17
28961,55812,17
28968,55811,17
28948,55852,17
29013,55843,17
29020,55842,17
28997,55826,17
29014,55856,17
28977,55805,17
28957,55846,17
29008,55870,17
29005,55807,17
29000,55834,17
29017,55864,17
28944,55812,17
28951,55811,17
28996,55843,17
29013,55873,17
29017,55815,17
28997,55856,17
28940,55846,17
28984,55871,17
28991,55870,17
28947,55820,17
29000,55864,17
28997,55807,17
28944,55842,17
28979,55843,17
28987,55830,17
28967,55871,17
28947,55850,17
28931,55833,17
28996,55824,17
28999,55831,17
28934,55841,17
28976,55816,17
29000,55845,17
28983,55815,17
28970,55830,17
28987,55860,17
28988,55873,17
28979,55824,17
28987,55811,17
28967,55852,17
28959,55816,17
28966,55815,17
29019,55833,17
28970,55860,17
28999,55812,17
28962,55824,17
28970,55811,17
28950,55852,17
28979,55805,17
28959,55846,17
29019,55863,17
29011,55827,17
29019,55814,17
28973,55848,17
29015,55823,17
28949,55820,17
29002,55863,17
29018,55831,17
29002,55814,17
29019,55844,17
28970,55871,17
29013,55858,17
29011,55808,17
28998,55823,17
29015,55853,17
28949,55850,17
28933,55833,17
29010,55880,17
29001,55831,17
28985,55814,17
29002,55844,17
29019,55874,17
28961,55857,17
28989,55859,17
28953,55821,17
29018,55812,17
28998,55853,17
29005,55852,17
28993,55880,17
28998,55804,17
29005,55803,17
28985,55844,17
29002,55874,17
28944,55857,17
28992,55818,17
28972,55859,17
28953,55851,17
29001,55812,17
28989,55840,17
28932,55830,17
28981,55804,17
28988,55803,17
28985,55874,17
28992,55848,17
28976,55831,17
28993,55861,17
29004,55833,17
29021,55863,17
28936,55851,17
28984,55812,17
28985,55825,17
28989,55870,17
28981,55834,17
28975,55848,17
28992,55878,17
28976,55861,17
28969,55862,17
29004,55863,17
28985,55855,17
28992,55829,17
29020,55831,17
29004,55814,17
29021,55844,17
28936,55832,17
28972,55821,17
28959,55861,17
28932,55841,17
29012,55880,17
28968,55830,17
28975,55829,17
29020,55861,17
29004,55844,17
28955,55821,17
28964,55815,17
28995,55880,17
29011,55872,17
29004,55874,17
28946,55857,17
29003,55811,17
29007,55881,17
28955,55851,17
29015,55868,17
29007,55832,17
28934,55830,17
28951,55860,17
28994,55847,17
29003,55841,17
28995,55861,17
28958,55810,17
28938,55851,17
28998,55868,17
28946,55838,17
28990,55832,17
29007,55862,17
28954,55819,17
28994,55877,17
28998,55819,17
29015,55849,17
28986,55841,17
29007,55813,17
28994,55828,17
28938,55832,17
28981,55819,17
28998,55849,17
28990,55813,17
28977,55828,17
28994,55858,17
28986,55822,17
28980,55836,17
28974,55850,17
28998,55879,17
29009,55851,17
28968,55864,17
28977,55858,17
28978,55871,17
28969,55822,17
29020,55846,17
28977,55809,17
28957,55850,17
28964,55849,17
29012,55810,17
29009,55881,17
29017,55868,17
28980,55817,17
28973,55818,17
28960,55858,17
29008,55819,17
29009,55832,17
28996,55847,17
29013,55877,17
29020,55876,17
28960,55809,17
28977,55839,17
28940,55850,17
29012,55840,17
29020,55827,17
29000,55868,17
28956,55818,17
28963,55817,17
29009,55862,17
28951,55845,17
28996,55877,17
28947,55854,17
29009,55813,17
28996,55828,17
28983,55868,17
28956,55848,17
29012,55821,17
28983,55819,17
29000,55849,17
28943,55839,17
29003,55856,17
28979,55828,17
28996,55858,17
28939,55848,17
28999,55865,17
28988,55822,17
28966,55819,17
28934,55826,17
28951,55856,17
28962,55828,17
28979,55858,17
28971,55822,17
28930,55835,17
28979,55809,17
28966,55849,17
28939,55829,17
28982,55816,17
28999,55846,17
28962,55858,17
28983,55830,17
28962,55809,17
28999,55876,17
29011,55861,17
28945,55858,17
29018,55835,17
28974,55810,17
28966,55830,17
29014,55869,17
29011,55812,17
28945,55809,17
28949,55854,17
28965,55846,17
28982,55876,17
29014,55820,17
28973,55833,17
29001,55835,17
29018,55865,17
28961,55855,17
28966,55860,17
29019,55878,17
28982,55827,17
29011,55842,17
28945,55839,17
28962,55869,17
29018,55816,17
29005,55856,17
28997,55820,17
29014,55850,17
28973,55863,17
29001,55865,17
28965,55827,17
28953,55855,17
29010,55810,17
28997,55850,17
28956,55863,17
28984,55865,17
28945,55820,17
28988,55807,17
29005,55837,17
29014,55831,17
28984,55816,17
29001,55846,17
28996,55873,17
28993,55810,17
28981,55838,17
29005,55867,17
28988,55837,17
28992,55882,17
28997,55831,17
29001,55876,17
28985,55859,17
28976,55810,17
28936,55836,17
28971,55837,17
28981,55868,17
28988,55867,17
29016,55869,17
28987,55805,17
28967,55846,17
28984,55876,17
28988,55818,17
29016,55820,17
28959,55810,17
28935,55853,17
28984,55827,17
28964,55868,17
28971,55867,17
28964,55819,17
28971,55818,17
29016,55850,17
28975,55863,17
29004,55878,17
28967,55827,17
29019,55808,17
28971,55848,17
28958,55863,17
29018,55880,17
29015,55817,17
29010,55844,17
28937,55842,17
28958,55814,17
29011,55857,17
29019,55838,17
29006,55853,17
28954,55823,17
29007,55866,17
28998,55817,17
28933,55827,17
29006,55804,17
29010,55874,17
28958,55844,17
29003,55826,17
29010,55825,17
28990,55866,17
28953,55815,17
28938,55836,17
29019,55819,17
28946,55817,17
28989,55804,17
29006,55834,17
28990,55817,17
29007,55847,17
28941,55844,17
28986,55826,17
29010,55855,17
28937,55853,17
28993,55825,17
28989,55834,17
29006,55864,17
28990,55847,17
28969,55826,17
28993,55855,17
29021,55857,17
28980,55870,17
28972,55834,17
28989,55864,17
28990,55877,17
28980,55821,17
29021,55808,17
29016,55835,17
28989,55815,17
28976,55855,17
28969,55856,17
29012,55844,17
29004,55808,17
29021,55838,17
28963,55821,17
28981,55864,17
29009,55866,17
29016,55865,17
28989,55845,17
28952,55856,17
28972,55815,17
28960,55843,17
29008,55804,17
29012,55874,17
28968,55824,17
29004,55838,17
28963,55851,17
28964,55864,17
29012,55825,17
28955,55815,17
29021,55819,17
28943,55843,17
28991,55804,17
29008,55834,17
28995,55874,17
28946,55851,17
28995,55825,17
29012,55855,17
29015,55862,17
29004,55819,17
28991,55834,17
29008,55864,17
28995,55855,17
28939,55833,17
28963,55862,17
28991,55864,17
28995,55806,17
28998,55813,17
28942,55841,17
28943,55854,17
28991,55815,17
29003,55871,17
28994,55822,17
28978,55805,17
28995,55836,17
28974,55814,17
28986,55871,17
29014,55873,17
28978,55835,17
28994,55803,17
28966,55864,17
28969,55871,17
29017,55832,17
28978,55865,17
29014,55854,17
28977,55803,17
28957,55844,17
28978,55816,17
28965,55831,17
28982,55861,17
29017,55862,17
28973,55812,17
29011,55876,17
28974,55825,17
29013,55871,17
29017,55813,17
28997,55854,17
28965,55861,17
29013,55822,17
29014,55835,17
28957,55825,17
29008,55849,17
28944,55840,17
28968,55869,17
28996,55871,17
28965,55812,17
29000,55813,17
29017,55843,17
28961,55821,17
28996,55822,17
29013,55852,17
28997,55835,17
28991,55849,17
29008,55879,17
28948,55812,17
29000,55843,17
28988,55871,17
28979,55822,17
28996,55852,17
28997,55865,17
28987,55809,17
28991,55879,17
28948,55842,17
28996,55803,17
28983,55843,17
28971,55871,17
28944,55851,17
28970,55809,17
28987,55839,17
28930,55829,17
28988,55852,17
29016,55854,17
28931,55842,17
28996,55833,17
28979,55803,17
28947,55810,17
28976,55825,17
28935,55838,17
28983,55824,17
28987,55869,17
28971,55852,17
28967,55861,17
28959,55825,17
28966,55824,17
29019,55842,17
28970,55869,17
29011,55806,17
28949,55848,17
28970,55820,17
28933,55831,17
29010,55878,17
29018,55859,17
28959,55855,17
29002,55842,17
29019,55872,17
28950,55812,17
29011,55836,17
29018,55810,17
29019,55823,17
28970,55850,17
28973,55857,17
29015,55832,17
29002,55872,17
29010,55859,17
28953,55849,17
29001,55810,17
29018,55840,17
29019,55853,17
29006,55868,17
29011,55817,17
28998,55832,17
29005,55831,17
28933,55842,17
28993,55859,17
28985,55823,17
29002,55853,17
28989,55868,17
28981,55832,17
28998,55862,17
28992,55876,17
29002,55804,17
28976,55859,17
28985,55853,17
28992,55827,17
28993,55840,17
29021,55842,17
28953,55860,17
28936,55830,17
28981,55862,17
28985,55804,17
28972,55819,17
28989,55849,17
28932,55839,17
28981,55813,17
29016,55814,17
28975,55827,17
28992,55857,17
28976,55840,17
28993,55870,17
29004,55842,17
29021,55872,17
28985,55834,17
28992,55808,17
28955,55819,17
28972,55849,17
29020,55810,17
29021,55823,17
28964,55813,17
28981,55843,17
28995,55878,17
28975,55857,17
28976,55870,17
29004,55872,17
28968,55809,17
28955,55849,17
29020,55840,17
29015,55866,17
28958,55857,17
29016,55880,17
28995,55859,17
28951,55809,17
28938,55849,17
29004,55853,17
28963,55866,17
28954,55817,17
29007,55860,17
29015,55847,17
28942,55845,17
29007,55811,17
28994,55826,17
29003,55820,17
29010,55819,17
28995,55840,17
28938,55830,17
28955,55860,17
28998,55847,17
29015,55877,17
28990,55811,17
29007,55841,17
28934,55839,17
28994,55856,17
28986,55820,17
29003,55850,17
28994,55807,17
28998,55877,17
28990,55841,17
28978,55869,17
29007,55822,17
28977,55807,17
28994,55837,17
28981,55877,17
28981,55828,17
29009,55830,17
28990,55822,17
28977,55837,17
28994,55867,17
29020,55825,17
28964,55828,17
28974,55859,17
29009,55860,17
29017,55847,17
28977,55867,17
29009,55811,17
29013,55856,17
29020,55855,17
28977,55818,17
28957,55859,17
29012,55819,17
29000,55847,17
29017,55877,17
28980,55826,17
28973,55827,17
29008,55828,17
28957,55810,17
29009,55841,17
28968,55854,17
28996,55856,17
28960,55818,17
29000,55877,17
28951,55854,17
28979,55856,17
29000,55828,17
28960,55848,17
29003,55835,17
28930,55833,17
28979,55807,17
28996,55837,17
28983,55877,17
28939,55827,17
28999,55844,17
28940,55840,17
28947,55814,17
28983,55828,17
29000,55858,17
28943,55848,17
28987,55873,17
29003,55865,17
28979,55837,17
28999,55874,17
28988,55831,17
28966,55828,17
28983,55858,17
28979,55867,17
28982,55874,17
28983,55809,17
28966,55858,17
28982,55825,17
28999,55855,17
29011,55840,17
28945,55837,17
28962,55867,17
28966,55809,17
28970,55854,17
29014,55848,17
28973,55861,17
28962,55818,17
29002,55876,17
28982,55855,17
29011,55870,17
29018,55844,17
28982,55806,17
29017,55807,17
29011,55821,17
28945,55818,17
28962,55848,17
29005,55835,17
28965,55855,17
29014,55829,17
28956,55812,17
29001,55844,17
29018,55874,17
28949,55814,17
29002,55857,17
28982,55836,17
29010,55838,17
29011,55851,17
28945,55848,17
29018,55825,17
29005,55865,17
28961,55815,17
28992,55880,17
28997,55829,17
29001,55874,17
29008,55873,17
29005,55816,17
28985,55857,17
29014,55810,17
28953,55864,17
28988,55865,17
28944,55815,17
28932,55843,17
28939,55842,17
28984,55874,17
28988,55816,17
29005,55846,17
29016,55818,17
28992,55861,17
28935,55851,17
28984,55825,17
29001,55855,17
28985,55838,17
28987,55833,17
28964,55817,17
28988,55846,17
29005,55876,17
28971,55816,17
29016,55848,17
28975,55861,17
28967,55825,17
28984,55855,17
28985,55868,17
28935,55832,17
28936,55845,17
28984,55806,17
28964,55847,17
28988,55876,17
29016,55878,17
28980,55815,17
28987,55814,17
28967,55855,17
29016,55829,17
28954,55821,17
29007,55864,17
28963,55815,17
28950,55855,17
29016,55859,17
29010,55823,17
28954,55851,17
28955,55864,17
29019,55817,17
29006,55832,17
29007,55845,17
28941,55842,17
29015,55826,17
29010,55853,17
28937,55851,17
28958,55823,17
29006,55862,17
29010,55804,17
28990,55845,17
29007,55875,17
29006,55813,17
29007,55826,17
28989,55862,17
28950,55817,17
28986,55805,17
29010,55834,17
28937,55832,17
28990,55875,17
28993,55804,17
28989,55813,17
29006,55843,17
28990,55826,17
28941,55853,17
28994,55871,17
28986,55835,17
29010,55864,17
28993,55834,17
29021,55836,17
28989,55843,17
28990,55856,17
28977,55871,17
28976,55834,17
28986,55865,17
28964,55862,17
29012,55823,17
29021,55817,17
28980,55830,17
28989,55824,17
28969,55865,17
29012,55853,17
28969,55816,17
29004,55817,17
28963,55830,17
28980,55860,17
29008,55862,17
28964,55843,17
29012,55804,17
29009,55875,17
28972,55824,17
28960,55852,17
29008,55813,17
28995,55853,17
28952,55816,17
29020,55870,17
28956,55861,17
28963,55860,17
28995,55804,17
29012,55834,17
28942,55839,17
28963,55811,17
28943,55852,17
28991,55813,17
29008,55843,17
28952,55846,17
29000,55807,17
28946,55860,17
28995,55834,17
29012,55864,17
29015,55871,17
28946,55811,17
28991,55843,17
28979,55871,17
28995,55864,17
28946,55841,17
28999,55859,17
28995,55815,17
28962,55871,17
28942,55850,17
28986,55850,17
29003,55880,17
29014,55852,17
28994,55831,17
28978,55814,17
28982,55859,17
28974,55823,17
28969,55850,17
29014,55882,17
28977,55831,17
28962,55852,17
28965,55859,17
29013,55820,17
29014,55833,17
28994,55812,17
28957,55823,17
28974,55853,17
28982,55840,17
29017,55841,17
28945,55852,17
29009,55805,17
28961,55819,17
28968,55818,17
29013,55850,17
28997,55833,17
29014,55863,17
28957,55853,17
29008,55877,17
28978,55825,17
28948,55810,17
29017,55871,17
29014,55814,17
28974,55834,17
28944,55819,17
28961,55849,17
28968,55848,17
29017,55822,17
28997,55863,17
28948,55840,17
28965,55870,17
29013,55831,17
29000,55871,17
28997,55814,17
28991,55828,17
29008,55858,17
28944,55849,17
28951,55848,17
29017,55852,17
28987,55837,17
28947,55857,17
29005,55880,17
28931,55840,17
28996,55831,17
28997,55844,17
28956,55857,17
28984,55859,17
28991,55858,17
28983,55822,17
28993,55853,17
29000,55852,17
28987,55867,17
28971,55850,17
28979,55831,17
29000,55803,17
28987,55818,17
28967,55859,17
28948,55851,17
28970,55867,17
28976,55804,17
28983,55803,17
28970,55818,17
28987,55848,17
28950,55859,17
28971,55831,17
29016,55863,17
28979,55812,17
29019,55870,17
29019,55821,17
28970,55848,17
28971,55861,17
28962,55812,17
28967,55870,17
29018,55838,17
29019,55851,17
29006,55866,17
29011,55815,17
28949,55857,17
28970,55829,17
28933,55840,17
28973,55836,17
29015,55811,17
29002,55851,17
29019,55881,17
28961,55864,17
29018,55819,17
29019,55832,17
29006,55847,17
28998,55811,17
29005,55810,17
29010,55868,17
28953,55858,17
29002,55832,17
28989,55847,17
29006,55877,17
28953,55809,17
28981,55811,17
28998,55841,17
28992,55855,17
28976,55838,17
28993,55868,17
28985,55832,17
29002,55862,17
28992,55806,17
28989,55877,17
28993,55819,17
29021,55821,17
28981,55841,17
28989,55828,17
28976,55868,17
28985,55862,17
28992,55836,17
28976,55819,17
28993,55849,17
29021,55851,17
28936,55839,17
28985,55813,17
28972,55828,17
28981,55822,17
28975,55836,17
28992,55866,17
28959,55819,17
28976,55849,17
29004,55851,17
29021,55881,17
28972,55858,17
29020,55819,17
28964,55822,17
28952,55850,17
28959,55849,17
29004,55881,17
28954,55845,17
29012,55868,17
28975,55817,17
28938,55828,17
28955,55858,17
29015,55875,17
29004,55832,17
28963,55845,17
29007,55839,17
28955,55809,17
29003,55848,17
28995,55868,17
28951,55818,17
28958,55817,17
29004,55862,17
28946,55845,17
28991,55877,17
28954,55826,17
29007,55869,17
28998,55826,17
29015,55856,17
28942,55854,17
29006,55807,17
29007,55820,17
28994,55835,17
29003,55829,17
28938,55839,17
28998,55856,17
28990,55820,17
29007,55850,17
28994,55865,17
28986,55829,17
28994,55816,17
28981,55856,17
28974,55857,17
28977,55865,17
29009,55809,17
28969,55829,17
29021,55866,17
28977,55816,17
28994,55846,17
28957,55857,17
28978,55829,17
28986,55810,17
29020,55804,17
29017,55875,17
28980,55824,17
28973,55825,17
29009,55839,17
28968,55852,17
28960,55816,17
28978,55859,17
28969,55810,17
29013,55835,17
29020,55834,17
29000,55875,17
28956,55825,17
28973,55855,17
29009,55869,17
29017,55856,17
28960,55846,17
29008,55807,17
29009,55820,17
28996,55835,17
29013,55865,17
29020,55864,17
28956,55855,17
28940,55838,17
28983,55826,17
29000,55856,17
28943,55846,17
29009,55850,17
28968,55863,17
28979,55835,17
28996,55865,17
28997,55878,17
28947,55842,17
28948,55855,17
28996,55816,17
28983,55856,17
28934,55833,17
28979,55865,17
28983,55807,17
29000,55837,17
29003,55844,17
28930,55842,17
28979,55816,17
28939,55836,17
28999,55853,17
28940,55849,17
28991,55873,17
28988,55810,17
28962,55865,17
28983,55837,17
28999,55804,17
28962,55816,17
28971,55810,17
29018,55842,17
28983,55867,17
28982,55804,17
28999,55834,17
28986,55874,17
29011,55819,17
28945,55816,17
28962,55846,17
29014,55827,17
29018,55872,17
28966,55867,17
28982,55834,17
28999,55864,17
29011,55849,17
28945,55846,17
29018,55823,17
28961,55813,17
28966,55818,17
29014,55857,17
28962,55827,17
29005,55814,17
29014,55808,17
28973,55821,17
29011,55879,17
28953,55862,17
29018,55853,17
28961,55843,17
28982,55815,17
29013,55880,17
29010,55817,17
29011,55830,17
29018,55804,17
29005,55844,17
28997,55808,17
28956,55821,17
29001,55853,17
29002,55866,17
28965,55815,17
28996,55880,17
28993,55817,17
28953,55843,17
29001,55804,17
28988,55844,17
29005,55874,17
28961,55824,17
28956,55851,17
28985,55866,17
28948,55815,17
28976,55817,17
28935,55830,17
28936,55843,17
28984,55804,17
29001,55834,17
28988,55874,17
28939,55851,17
28987,55812,17
28981,55826,17
29005,55855,17
28988,55825,17
29016,55827,17
28992,55870,17
28984,55834,17
28985,55847,17
28964,55826,17
28971,55825,17
29016,55857,17
28932,55833,17
28984,55864,17
28954,55849,17
29016,55808,17
28975,55821,17
28935,55841,17
28964,55856,17
28971,55855,17
28958,55821,17
29011,55864,17
28975,55851,17
29004,55866,17
28967,55815,17
29007,55873,17
28955,55843,17
28963,55824,17
29006,55811,17
28958,55851,17
29018,55868,17
29015,55805,17
28959,55864,17
28950,55815,17
29003,55833,17
29010,55832,17
28954,55860,17
28937,55830,17
28938,55843,17
29006,55841,17
28990,55824,17
29007,55854,17
28941,55851,17
28954,55811,17
29001,55868,17
28998,55805,17
28986,55833,17
29003,55863,17
29010,55862,17
29006,55871,17
29003,55814,17
29010,55813,17
28990,55854,17
28986,55863,17
28993,55862,17
28990,55805,17
28986,55814,17
28993,55813,17
28937,55841,17
29021,55815,17
28980,55828,17
28998,55871,17
28989,55822,17
29006,55852,17
28969,55863,17
28990,55835,17
28969,55814,17
28986,55844,17
28976,55813,17
29021,55845,17
28980,55858,17
28981,55871,17
28978,55808,17
29009,55873,17
28972,55822,17
28990,55865,17
28980,55809,17
28960,55850,17
29008,55811,17
29012,55881,17
28989,55803,17
28952,55814,17
28976,55843,17
29020,55868,17
28964,55871,17
29012,55832,17
29021,55826,17
28980,55839,17
28963,55809,17
29008,55841,17
29009,55854,17
28952,55844,17
28995,55832,17
29012,55862,17
28968,55812,17
29020,55849,17
28980,55869,17
28991,55841,17
29008,55871,17
29012,55813,17
29015,55820,17
28960,55861,17
29008,55822,17
28995,55862,17
28939,55840,17
28963,55869,17
28946,55839,17
28991,55871,17
28940,55853,17
29012,55843,17
29015,55850,17
28942,55848,17
28991,55822,17
29003,55878,17
28995,55843,17
28983,55871,17
28946,55820,17
28991,55852,17
29003,55859,17
28994,55810,17
28966,55871,17
28982,55838,17
28999,55868,17
28945,55850,17
29014,55861,17
28978,55823,17
28982,55868,17
28974,55832,17
28966,55852,17
28982,55819,17
28969,55859,17
29017,55820,17
28965,55868,17
29013,55829,17
29008,55856,17
28978,55804,17
28965,55819,17
29017,55850,17
28974,55813,17
29005,55878,17
28968,55827,17
29013,55859,17
28997,55842,17
29014,55872,17
28948,55819,17
28965,55849,17
29013,55810,17
29000,55850,17
28957,55813,17
29008,55837,17
28961,55858,17
28968,55857,17
28996,55859,17
29017,55831,17
28997,55872,17
28987,55816,17
29003,55830,17
29005,55859,17
28948,55849,17
28997,55823,17
28991,55837,17
28944,55858,17
28993,55832,17
29000,55831,17
28987,55846,17
28944,55809,17
28979,55810,17
28997,55853,17
28984,55868,17
28947,55817,17
28976,55832,17
28935,55845,17
28983,55831,17
28987,55876,17
28971,55859,17
28987,55827,17
28967,55868,17
28931,55830,17
28976,55862,17
29019,55849,17
28967,55819,17
28970,55827,17
29016,55872,17
29019,55879,17
28950,55819,17
28967,55849,17
29011,55843,17
29018,55817,17
28959,55813,17
29019,55830,17
28970,55857,17
28971,55870,17
28950,55849,17
29010,55866,17
29018,55847,17
29002,55830,17
29019,55860,17
29006,55875,17
29013,55874,17
29015,55869,17
29019,55811,17
28946,55809,17
28993,55866,17
28949,55817,17
29002,55860,17
28989,55875,17
29010,55847,17
28937,55845,17
29018,55828,17
29002,55811,17
28989,55826,17
29006,55856,17
28998,55820,17
29005,55819,17
28985,55860,17
28992,55834,17
28933,55830,17
28993,55847,17
29010,55877,17
29021,55849,17
28936,55837,17
28985,55811,17
29002,55841,17
28972,55826,17
28989,55856,17
28990,55869,17
28953,55818,17
28981,55820,17
28998,55850,17
28992,55864,17
28989,55807,17
28993,55877,17
29021,55879,17
28985,55841,17
28992,55815,17
28972,55856,17
28993,55828,17
29021,55830,17
28953,55848,17
28964,55820,17
28932,55827,17
29004,55879,17
28975,55815,17
28992,55845,17
28955,55856,17
28976,55828,17
29021,55860,17
28980,55873,17
28985,55822,17
28972,55837,17
28995,55866,17
29004,55860,17
28954,55824,17
29012,55847,17
29020,55828,17
29015,55854,17
28942,55852,17
29004,55811,17
29007,55818,17
28952,55859,17
28959,55858,17
29003,55827,17
28995,55847,17
28975,55826,17
28938,55837,17
29004,55841,17
28991,55856,17
29007,55848,17
28955,55818,17
29015,55835,17
29003,55857,17
28995,55877,17
28994,55814,17
28946,55854,17
29003,55808,17
28998,55835,17
29015,55865,17
29007,55829,17
28934,55827,17
28994,55844,17
28986,55808,17
28938,55848,17
28981,55835,17
28998,55865,17
28974,55836,17
28990,55829,17
28994,55874,17
28978,55857,17
28994,55825,17
28981,55865,17
29017,55854,17
28980,55803,17
28974,55817,17
29009,55818,17
29020,55862,17
28990,55810,17
29021,55875,17
28977,55825,17
28978,55838,17
29020,55813,17
29000,55854,17
28973,55834,17
28957,55817,17
29009,55848,17
28968,55861,17
29017,55835,17
29004,55875,17
28960,55825,17
28977,55855,17
28947,55840,17
29013,55844,17
29020,55843,17
28957,55847,17
29012,55807,17
29000,55835,17
29017,55865,17
28960,55855,17
29009,55829,17
28951,55812,17
28979,55814,17
28996,55844,17
29020,55873,17
28939,55834,17
28997,55857,17
28940,55847,17
28995,55807,17
29005,55838,17
28983,55835,17
29000,55865,17
28956,55815,17
28944,55843,17
28996,55874,17
28947,55851,17
28983,55865,17
28999,55832,17
28934,55842,17
28983,55816,17
28987,55861,17
28979,55825,17
28966,55865,17
28999,55862,17
28959,55817,17
28966,55816,17
28970,55861,17
28999,55813,17
28962,55825,17
28979,55855,17
28982,55862,17
28930,55832,17
29014,55806,17
28973,55819,17
29018,55851,17
28959,55847,17
28983,55876,17
28966,55846,17
28982,55813,17
28999,55843,17
29011,55828,17
28962,55855,17
29014,55836,17
28973,55849,17
29018,55881,17
29002,55864,17
28965,55813,17
28982,55843,17
29011,55858,17
28945,55855,17
29018,55832,17
29005,55872,17
28961,55822,17
29011,55809,17
28985,55864,17
28949,55851,17
29014,55817,17
29001,55832,17
29018,55862,17
29002,55845,17
29010,55826,17
28988,55823,17
29005,55853,17
28992,55868,17
28997,55817,17
28984,55832,17
29001,55862,17
29005,55804,17
28985,55845,17
29002,55875,17
28953,55852,17
29001,55813,17
28988,55853,17
28932,55831,17
28984,55862,17
28981,55805,17
29005,55834,17
28988,55804,17
28985,55875,17
29016,55806,17
28992,55849,17
28935,55839,17
28936,55852,17
28984,55813,17
28985,55826,17
28987,55821,17
28967,55862,17
28988,55834,17
29016,55836,17
28975,55849,17
28992,55879,17
28967,55813,17
28984,55843,17
28971,55834,17
28958,55849,17
28959,55862,17
28967,55843,17
28954,55858,17
29016,55817,17
28975,55830,17
29019,55824,17
28964,55865,17
28954,55809,17
29007,55852,17
28950,55843,17
29011,55873,17
28959,55843,17
28967,55824,17
29010,55811,17
29007,55882,17
29019,55805,17
29006,55820,17
29007,55833,17
28958,55860,17
28986,55812,17
29003,55842,17
28937,55839,17
28990,55882,17
29010,55841,17
28938,55852,17
29002,55805,17
29006,55850,17
28990,55833,17
29007,55863,17
28994,55878,17
28986,55842,17
29003,55872,17
29010,55871,17
28993,55841,17
28989,55850,17
28990,55863,17
29006,55831,17
28986,55872,17
28990,55814,17
28941,55841,17
28994,55859,17
28986,55823,17
29021,55824,17
28980,55837,17
29009,55852,17
28989,55831,17
28990,55844,17
28977,55859,17
29012,55860,17
28968,55810,17
28969,55823,17
28980,55867,17
28964,55850,17
29012,55811,17
29009,55882,17
29016,55881,17
28972,55831,17
29021,55805,17
28980,55818,17
28960,55859,17
29008,55820,17
29009,55833,17
28969,55853,17
29020,55877,17
28963,55867,17
29012,55841,17
29004,55805,17
28956,55819,17
28963,55818,17
28991,55820,17
29008,55850,17
29009,55863,17
28952,55853,17
28995,55841,17
29012,55871,17
28946,55818,17
28956,55849,17
28963,55848,17
28991,55850,17
29012,55822,17
29015,55829,17
28943,55840,17
28995,55871,17
28939,55849,17
28946,55848,17
28999,55866,17
28995,55822,17
28991,55831,17
28979,55859,17
28982,55866,17
28995,55852,17
28966,55850,17
28999,55847,17
28962,55859,17
28994,55819,17
28974,55860,17
28945,55859,17
28974,55811,17
28966,55831,17
29014,55870,17
28978,55832,17
28965,55847,17
28982,55877,17
29013,55808,17
29017,55878,17
29014,55821,17
28957,55811,17
28961,55856,17
28982,55828,17
29017,55829,17
28997,55870,17
28945,55840,17
28997,55821,17
29014,55851,17
28973,55864,17
29001,55866,17
29008,55865,17
28965,55828,17
29000,55829,17
29017,55859,17
28996,55838,17
29017,55810,17
28997,55851,17
29014,55881,17
28956,55864,17
28984,55866,17
28947,55815,17
28965,55858,17
29013,55819,17
29001,55847,17
28944,55837,17
28993,55811,17
29017,55840,17
29000,55810,17
28997,55881,17
28987,55825,17
28931,55828,17
28948,55858,17
28996,55819,17
28997,55832,17
28948,55809,17
28976,55811,17
28983,55810,17
28988,55868,17
28944,55818,17
28979,55819,17
28987,55806,17
28967,55847,17
28984,55877,17
29016,55821,17
28959,55811,17
28976,55841,17
28935,55854,17
28970,55855,17
28971,55868,17
28987,55836,17
28950,55847,17
28971,55819,17
29016,55851,17
28931,55839,17
29019,55858,17
28967,55828,17
29011,55822,17
29019,55809,17
28971,55849,17
29015,55818,17
28949,55815,17
29018,55826,17
28959,55822,17
29002,55809,17
29019,55839,17
29006,55854,17
29011,55803,17
28998,55818,17
29015,55848,17
28949,55845,17
28933,55828,17
28950,55858,17
29010,55875,17
28953,55865,17
29002,55839,17
29019,55869,17
28961,55852,17
28989,55854,17
28953,55816,17
29018,55807,17
28998,55848,17
29006,55835,17
28993,55875,17
28941,55845,17
28985,55839,17
29002,55869,17
28944,55852,17
28992,55813,17
28993,55826,17
29010,55856,17
28937,55854,17
29021,55828,17
28953,55846,17
29001,55807,17
28989,55835,17
28998,55829,17
28992,55843,17
28933,55839,17
28976,55826,17
28993,55856,17
29021,55858,17
28936,55846,17
28985,55820,17
29002,55850,17
28972,55835,17
28989,55865,17
29021,55809,17
28981,55829,17
28989,55816,17
28976,55856,17
28969,55857,17
29004,55858,17
28963,55871,17
28992,55824,17
28972,55865,17
29020,55826,17
29004,55809,17
29021,55839,17
28936,55827,17
28964,55829,17
29016,55866,17
28972,55816,17
28952,55857,17
28959,55856,17
29012,55875,17
28968,55825,17
28975,55824,17
28955,55865,17
29004,55839,17
29021,55869,17
28963,55852,17
28955,55816,17
29020,55807,17
29015,55833,17
28964,55810,17
29008,55835,17
28995,55875,17
28958,55824,17
28968,55855,17
29004,55869,17
28946,55852,17
29003,55806,17
28955,55846,17
29015,55863,17
29004,55820,17
28991,55835,17
29007,55827,17
28951,55855,17
29015,55814,17
29003,55836,17
28995,55856,17
28938,55846,17
28998,55863,17
28991,55865,17
28994,55872,17
28998,55814,17
29015,55844,17
28978,55855,17
28942,55842,17
29007,55808,17
28994,55823,17
29003,55817,17
28938,55827,17
28981,55814,17
28998,55844,17
28990,55808,17
28934,55836,17
28977,55823,17
28994,55853,17
28978,55836,17
28986,55817,17
28994,55804,17
28998,55874,17
28966,55810,17
28978,55866,17
28977,55804,17
28957,55845,17
28981,55874,17
29009,55876,17
28978,55817,17
29017,55863,17
28980,55812,17
28973,55813,17
29009,55827,17
29013,55872,17
29020,55871,17
28977,55834,17
28947,55819,17
29013,55823,17
29020,55822,17
29000,55863,17
28956,55813,17
28957,55826,17
29009,55857,17
28968,55870,17
28996,55872,17
29000,55814,17
29017,55844,17
28947,55849,17
29009,55808,17
28968,55821,17
28996,55823,17
29013,55853,17
28956,55843,17
28957,55856,17
29008,55880,17
29005,55817,17
28983,55814,17
29000,55844,17
29009,55838,17
28979,55823,17
28996,55853,17
28960,55815,17
28991,55880,17
28988,55817,17
28996,55804,17
29000,55874,17
28956,55824,17
28970,55859,17
28999,55811,17
29003,55881,17
28951,55851,17
28971,55817,17
28930,55830,17
28947,55860,17
28931,55843,17
28979,55804,17
28966,55844,17
28983,55874,17
28999,55841,17
28962,55853,17
28983,55825,17
28979,55834,17
28982,55841,17
29018,55830,17
28959,55826,17
28983,55855,17
28966,55825,17
28970,55870,17
29011,55807,17
28949,55849,17
28970,55821,17
28930,55841,17
29014,55815,17
28973,55828,17
29018,55860,17
28966,55855,17
29019,55873,17
28982,55822,17
29011,55837,17
29018,55811,17
29005,55851,17
28973,55858,17
29001,55860,17
28985,55843,17
29002,55873,17
28965,55822,17
29011,55867,17
28953,55850,17
29018,55841,17
29001,55811,17
29005,55881,17
29013,55868,17
29010,55805,17
28932,55829,17
28956,55858,17
28945,55815,17
28998,55833,17
29005,55832,17
28985,55873,17
28949,55860,17
28933,55843,17
28936,55850,17
28984,55811,17
29001,55841,17
28985,55824,17
29002,55854,17
28996,55868,17
28993,55805,17
28981,55833,17
29005,55862,17
28988,55832,17
28992,55877,17
28984,55841,17
29001,55871,17
29005,55813,17
28985,55854,17
28992,55828,17
28979,55868,17
28936,55831,17
28981,55863,17
28988,55862,17
29016,55864,17
28985,55805,17
28932,55840,17
28988,55813,17
29016,55815,17
28975,55828,17
28992,55858,17
28935,55848,17
29021,55873,17
28984,55822,17
28964,55863,17
28971,55862,17
29020,55811,17
28964,55814,17
28988,55843,17
28971,55813,17
29016,55845,17
28975,55858,17
28976,55871,17
29004,55873,17
28967,55822,17
28975,55809,17
28955,55850,17
29020,55841,17
28935,55829,17
28964,55844,17
29007,55831,17
28958,55858,17
29015,55812,17
29016,55826,17
29011,55852,17
28938,55850,17
28958,55809,17
28954,55818,17
29007,55861,17
28963,55812,17
29010,55869,17
29007,55812,17
29011,55882,17
29006,55878,17
29010,55820,17
28990,55861,17
28954,55848,17
28938,55831,17
29015,55878,17
28990,55812,17
29007,55842,17
28934,55840,17
28941,55839,17
28986,55821,17
29003,55851,17
28937,55848,17
29010,55850,17
28993,55820,17
28998,55878,17
28989,55829,17
29006,55859,17
28990,55842,17
29007,55872,17
28977,55857,17
29006,55810,17
28969,55821,17
28986,55851,17
28993,55850,17
28937,55829,17
28990,55872,17
28980,55816,17
29021,55803,17
28989,55810,17
28969,55851,17
29020,55875,17
28990,55823,17
28977,55838,17
29021,55833,17
28981,55859,17
29009,55861,17
29016,55860,17
28972,55810,17
28952,55851,17
28977,55868,17
29012,55869,17
29020,55856,17
28963,55846,17
28980,55876,17
28964,55859,17
29012,55820,17
29021,55814,17
28980,55827,17
28943,55838,17
29008,55829,17
29009,55842,17
28960,55819,17
28995,55820,17
29012,55850,17
28963,55827,17
28991,55829,17
29008,55859,17
29008,55810,17
28995,55850,17
28952,55813,17
28939,55828,17
28963,55857,17
28991,55859,17
28943,55849,17
28991,55810,17
29003,55866,17
28999,55875,17
28995,55831,17
28983,55859,17
28999,55826,17
28991,55840,17
28986,55866,17
28978,55830,17
28982,55875,17
28971,55832,17
28966,55859,17
28982,55826,17
28999,55856,17
28945,55838,17
28962,55868,17
28978,55860,17
29014,55849,17
28978,55811,17
28965,55826,17
28982,55856,17
29017,55857,17
29011,55871,17
28974,55820,17
29013,55866,17
28982,55807,17
29017,55808,17
28997,55849,17
29014,55879,17
28945,55819,17
28978,55841,17
28965,55856,17
29013,55817,17
29014,55830,17
28957,55820,17
29008,55844,17
29018,55875,17
28961,55865,17
29017,55838,17
28997,55879,17
28945,55849,17
29005,55866,17
28961,55816,17
28948,55856,17
28996,55817,17
29013,55847,17
28997,55830,17
29014,55860,17
29001,55875,17
29008,55874,17
29000,55838,17
28988,55866,17
28944,55816,17
28961,55846,17
29017,55819,17
28997,55860,17
28939,55843,17
28987,55804,17
28984,55875,17
28991,55874,17
28948,55837,17
28935,55852,17
28984,55826,17
28971,55866,17
28944,55846,17
28987,55834,17
28988,55847,17
29016,55849,17
28931,55837,17
28967,55826,17
28984,55856,17
28976,55820,17
28935,55833,17
28987,55864,17
28988,55877,17
29016,55879,17
28987,55815,17
28967,55856,17
29016,55830,17
28959,55820,17
29019,55837,17
28970,55864,17
28970,55815,17
28950,55856,17
28971,55828,17
29019,55867,17
29006,55882,17
28954,55852,17
29018,55805,17
29019,55818,17
29015,55827,17
29002,55867,17
29010,55854,17
28937,55852,17
29019,55848,17
28989,55833,17
29006,55863,17
29007,55876,17
28998,55827,17
29015,55857,17
28933,55837,17
28993,55854,17
28985,55818,17
29002,55848,17
28989,55863,17
29010,55835,17
28937,55833,17
28990,55876,17
28953,55825,17
28981,55827,17
28998,55857,17
28989,55814,17
29006,55844,17
28998,55808,17
28985,55848,17
28992,55822,17
28976,55805,17
28993,55835,17
29021,55837,17
29002,55829,17
28972,55814,17
28989,55844,17
28932,55834,17
28981,55808,17
29012,55873,17
28992,55852,17
28976,55835,17
28993,55865,17
29004,55837,17
29021,55867,17
28985,55829,17
28992,55803,17
28989,55874,17
29020,55805,17
29021,55818,17
28975,55852,17
28976,55865,17
28969,55866,17
29004,55867,17
29012,55854,17
28992,55833,17
28955,55844,17
29020,55835,17
29004,55818,17
29021,55848,17
28980,55861,17
29016,55875,17
28972,55825,17
28959,55865,17
28995,55854,17
28975,55833,17
28952,55817,17
29004,55848,17
28963,55861,17
28954,55812,17
28955,55825,17
29020,55816,17
28942,55840,17
29007,55806,17
29003,55815,17
28995,55835,17
28955,55855,17
29015,55872,17
28946,55812,17
28991,55844,17
29007,55836,17
28934,55834,17
28994,55851,17
28995,55865,17
28998,55872,17
28946,55842,17
28990,55836,17
28994,55881,17
28978,55864,17
28942,55851,17
29007,55817,17
28994,55832,17
28981,55823,17
28974,55824,17
29021,55882,17
28977,55832,17
28994,55862,17
28994,55813,17
28957,55824,17
28974,55854,17
29009,55855,17
28968,55868,17
29017,55842,17
28977,55862,17
29009,55806,17
28968,55819,17
28996,55821,17
29013,55851,17
29020,55850,17
28977,55813,17
28957,55854,17
28964,55853,17
29012,55814,17
29000,55842,17
29017,55872,17
28973,55822,17
28960,55862,17
29009,55836,17
28961,55850,17
28968,55849,17
28951,55819,17
28996,55851,17
29013,55881,17
29020,55880,17
29017,55823,17
28997,55864,17
28960,55813,17
28977,55843,17
28940,55854,17
29013,55832,17
29000,55872,17
28956,55822,17
28944,55850,17
28951,55849,17
28996,55881,17
28947,55858,17
29009,55817,17
28931,55841,17
28996,55832,17
28983,55872,17
28947,55809,17
28983,55823,17
29000,55853,17
28987,55868,17
29003,55860,17
28979,55832,17
28996,55862,17
28999,55869,17
28947,55839,17
28966,55823,17
28970,55868,17
28979,55862,17
28983,55804,17
28987,55849,17
28930,55839,17
28979,55813,17
28966,55853,17
29019,55871,17
28982,55820,17
28999,55850,17
29011,55835,17
28962,55862,17
29018,55809,17
28983,55834,17
28970,55849,17
28962,55813,17
29011,55865,17
29018,55839,17
29019,55852,17
29011,55816,17
28945,55813,17
28962,55843,17
28949,55858,17
29014,55824,17
28973,55837,17
29001,55839,17
29018,55869,17
28949,55809,17
29002,55852,17
29019,55882,17
28982,55831,17
29011,55846,17
28945,55843,17
29018,55820,17
29005,55860,17
28961,55810,17
28997,55824,17
29001,55869,17
29005,55811,17
28985,55852,17
29014,55805,17
28936,55829,17
28953,55859,17
29018,55850,17
28944,55810,17
29002,55833,17
28932,55838,17
28953,55810,17
28981,55812,17
28998,55842,17
29005,55841,17
28988,55811,17
28992,55856,17
28997,55805,17
28984,55820,17
29001,55850,17
28985,55833,17
28989,55878,17
28964,55812,17
28981,55842,17
29005,55871,17
28988,55841,17
29016,55843,17
28975,55856,17
28985,55863,17
28992,55837,17
28935,55827,17
28936,55840,17
28981,55872,17
28980,55810,17
28967,55850,17
29016,55824,17
28975,55837,17
28992,55867,17
28976,55850,17
29004,55852,17
28984,55831,17
28954,55816,17
29020,55820,17
28964,55823,17
28959,55850,17
29004,55882,17
28967,55831,17
28954,55846,17
29016,55805,17
29011,55831,17
28975,55818,17
28955,55859,17
29019,55812,17
29007,55840,17
28937,55846,17
28958,55818,17
29006,55857,17
28990,55840,17
29007,55870,17
29006,55808,17
29003,55879,17
29007,55821,17
28958,55848,17
29010,55829,17
28937,55827,17
28954,55857,17
